3.060126942693351339e+03
1.910570799903197781e+02
1.802488574198740139e+02
3.400887952925772506e+00
3.220801743820227880e+00
2.223304465310900646e+00
1.648241533622572419e+00
1.337610581542434618e+00
1.223607866301545055e+00
3.674439564057976892e-01
3.266378035547238823e-01
3.082857188586332065e-01
2.960588915634634333e-01
1.911952074718430705e-01
1.643506993745834366e-01
1.086956331820921329e-01
1.068361150029432244e-01
1.057368457485768631e-01
9.696178984119528665e-02
3.632031101488711333e-02
3.536041438805703069e-02
2.309613132707412364e-02
2.026401196940641122e-02
1.755223163657458271e-02
1.559084342097160139e-02
1.316837571023083547e-02
1.229627211782089932e-02
1.214332544227393965e-02
9.835754547541248824e-03
9.121226244642278297e-03
7.441910373328563741e-03
5.727703613565896662e-03
5.623585921266677050e-03
4.390619398867053221e-03
4.220098917549746503e-03
3.541744791848679824e-03
2.940518675490583645e-03
2.418315075554409825e-03
2.313830235446731349e-03
1.951768458982280994e-03
1.819751958732487808e-03
1.498531490266272670e-03
1.442225859835662410e-03
1.417985651518077848e-03
1.121874454866228369e-03
1.048557315943903076e-03
1.022006476215083859e-03
6.991962970728014901e-04
6.381783968031368853e-04
5.691192498660046064e-04
4.905693037107733802e-04
4.756113586175435086e-04
4.571915689687881205e-04
4.047876045381551438e-04
3.321851152041996194e-04
3.268558427893516810e-04
2.967558124707953948e-04
2.464884646957554021e-04
2.321572099669864855e-04
2.063208682965633832e-04
1.962749962138629742e-04
1.504611135413569075e-04
1.448351403580180462e-04
1.405544874191125141e-04
1.297458113087803422e-04
1.217664651019312788e-04
1.190629327649513167e-04
8.856154313247216502e-05
6.972570600016451275e-05
6.052502714747595226e-05
5.916288877427270477e-05
5.557620373915506129e-05
4.676797481132039734e-05
4.517335682531732963e-05
3.522400339129651438e-05
3.311144285528244273e-05
3.219618016366358455e-05
2.980180298498325583e-05
2.769943438373806234e-05
2.299411210605378349e-05
2.258321244598398566e-05
2.173014718321066076e-05
2.041416065336976591e-05
1.940493890765917980e-05
1.845508224592015264e-05
1.774682690524095519e-05
1.672656396410776653e-05
1.311444813710670136e-05
1.100891909627094338e-05
1.078915056475069799e-05
1.025782128003207499e-05
9.625879065176609972e-06
8.758157886368067338e-06
8.558158553298294898e-06
6.894368909254669125e-06
5.920316162717217377e-06
5.763061494301383862e-06
5.255290834485835968e-06
5.167419174635251159e-06
5.095113094834218181e-06
4.714701677575870583e-06
4.501495791319055811e-06
3.570812193832365988e-06
3.277882748513266903e-06
3.022321078559410066e-06
2.686381847760686119e-06
2.648233680746453395e-06
2.508987393089453815e-06
2.322017053795011876e-06
2.124674391611058170e-06
1.939911278605563218e-06
1.865877249683788472e-06
1.736729650005584292e-06
1.583426337655927371e-06
1.521041626288427995e-06
1.369240868672465144e-06
1.344114781346760163e-06
1.253311443545371730e-06
1.132289962471003633e-06
1.070644023080256470e-06
1.010288087657035806e-06
9.619786265199177508e-07
8.896338513604756225e-07
7.741983560482430820e-07
7.539667733892348943e-07
7.232000632082528250e-07
6.631741332828022112e-07
6.244764207316965218e-07
6.194832127097751134e-07
5.728638929641002516e-07
5.290131853558605737e-07
4.719375362105130833e-07
4.157392001183028671e-07
3.960705101973026892e-07
3.774752365471205962e-07
3.633014192565698165e-07
3.531804478549793044e-07
3.341242935086118772e-07
3.199440616793512931e-07
3.053446414139357438e-07
2.855883644780457015e-07
2.697758442590220761e-07
2.597082059475232828e-07
2.539059665038810602e-07
2.296278438497759140e-07
2.255479292682322623e-07
2.154784838959471650e-07
2.003060422174829228e-07
1.873751352601105918e-07
1.847358966383895820e-07
1.762555116820851258e-07
1.680661592451070211e-07
1.651887918560584743e-07
1.577599614132859256e-07
1.456228365680170589e-07
1.424422929545667177e-07
1.332692768139094284e-07
1.308072569120263843e-07
1.163616975587209374e-07
1.147673741983164242e-07
1.069351432398414953e-07
1.032437051750368272e-07
9.537570071682057423e-08
9.336963927209908623e-08
8.838584531588840592e-08
8.612841504930259690e-08
8.472684544680930576e-08
7.993918235938198150e-08
7.714622042692301388e-08
6.782971212682990272e-08
6.552467000357047561e-08
6.052186314929638309e-08
5.430048064212498087e-08
5.029600935599064518e-08
4.838752990366751728e-08
4.573907229731981408e-08
4.274660917807217655e-08
3.883729704474216393e-08
3.513517953430030069e-08
3.282625691979155654e-08
3.173432993991777338e-08
2.959021472721546262e-08
2.798092426699583261e-08
2.719337911910553036e-08
2.519014545213539003e-08
2.385831955394272272e-08
2.318547947919977701e-08
2.144004936842910140e-08
1.959647347459991644e-08
1.875871830416366056e-08
1.816689881739031167e-08
1.734269127076271003e-08
1.578927672431692343e-08
1.442216162863743478e-08
1.403853594452702994e-08
1.358316337034105110e-08
1.178906337932340388e-08
1.101258227164222691e-08
1.009044327275180743e-08
8.767980328665871174e-09
7.780300633712735887e-09
6.554998256181582000e-09
6.006640351519113844e-09
5.579995837427851943e-09
5.023791475118878400e-09
4.438631229107884370e-09
4.303832730931259762e-09
3.682666310330069016e-09
3.116320571294367367e-09
