8.748434424118897368e+03
3.555942543717053468e+02
3.343250917238522675e+02
2.247622703753894413e+01
2.163449825620764244e+01
1.938283260010983255e+01
1.913404916727860794e+01
1.298049971199432484e+01
1.252585949651173713e+01
1.176871181564422386e+01
9.118098254744099407e+00
8.418840141791971377e+00
7.546212037988570209e+00
6.903815507195034229e+00
6.430235626996927856e+00
6.380244734471046897e+00
6.198088629690840179e+00
5.706144327822324058e+00
5.241091725381986421e+00
5.026091278615904656e+00
4.390041139501366985e+00
4.147615463903490785e+00
3.781888348597995275e+00
3.185670550758335384e+00
2.838902420343341060e+00
2.682736945017363706e+00
2.632009431550730305e+00
2.113688104242378962e+00
1.867897130214958068e+00
1.754119384638447299e+00
1.608414216693284438e+00
1.492252861697399346e+00
1.420624556855825116e+00
1.357989352827209784e+00
1.251887048742333697e+00
1.225503355996582000e+00
1.176975567492604791e+00
1.005648403959690018e+00
9.661224489434542262e-01
9.220183499202994071e-01
8.835195445705888995e-01
8.582573743060074589e-01
7.668554090605279594e-01
7.581744532867991104e-01
6.465252729494336270e-01
5.739183095381753530e-01
5.378862167080096235e-01
4.887397374540570771e-01
4.642948191939517133e-01
4.366047722980971324e-01
4.085047045875451199e-01
3.781185472449362095e-01
3.695546074115699242e-01
3.665203055095225260e-01
3.246519745321173600e-01
2.743501377034791022e-01
2.711453753067547545e-01
2.317049237186394606e-01
2.172806061699529001e-01
2.109257460422078734e-01
1.874013880919618014e-01
1.824092337047882040e-01
1.712900847382216596e-01
1.615908805041224583e-01
1.514762917071209580e-01
1.457229731371223747e-01
1.353899505077924559e-01
1.261149656138559061e-01
1.219419053571729333e-01
1.164629467198072116e-01
1.057604217598748647e-01
1.025313715931574499e-01
1.015383431875367115e-01
9.314346876997536828e-02
9.048455965100619947e-02
8.106028798601372376e-02
7.515044186474044430e-02
7.078378796184735255e-02
6.715637807327284881e-02
6.390315032984780763e-02
6.040965574872743382e-02
5.489181921410274390e-02
5.448190327956598661e-02
5.240952210688162166e-02
5.017922707167614405e-02
4.744240311743148225e-02
4.597494578718201719e-02
4.310357190169166602e-02
4.094870533564378551e-02
3.662243461044132481e-02
3.630236460189543990e-02
3.179930437465672277e-02
3.116917500555393961e-02
2.824118105587519051e-02
2.641836624626949306e-02
2.542660338442974746e-02
2.335785830797611207e-02
2.221730279090015914e-02
2.185823285799924284e-02
1.922185821917446816e-02
1.879350513514846735e-02
1.690035147209106511e-02
1.619529671909666207e-02
1.549863541846334750e-02
1.418828429673165727e-02
1.351517359596626777e-02
1.294249034062812560e-02
1.235939296185751927e-02
1.229044048793755638e-02
1.127438412668985840e-02
1.068038665560324015e-02
9.951423683331919734e-03
9.724148418001074892e-03
9.426837085730230617e-03
9.274338367847087886e-03
8.648170931775316789e-03
8.260268569022604507e-03
7.979107099859928526e-03
7.889459665200097838e-03
7.728030555034624480e-03
7.113512021255667152e-03
6.953601251695698364e-03
6.649412917920898523e-03
6.045722915805196336e-03
5.869612710820758771e-03
5.665169737212172665e-03
5.472671548297353833e-03
5.063602082922729827e-03
4.850648698614516870e-03
4.488725248960439770e-03
4.293543531175596055e-03
4.064704848346986123e-03
4.030873102182551404e-03
3.781676685646131325e-03
3.716223253327873705e-03
3.358083680559143316e-03
3.267097865799098270e-03
3.231265755274870515e-03
3.152730843780905678e-03
3.000764178355955387e-03
2.913104825974832061e-03
2.778815675945382584e-03
2.561853024662984982e-03
2.350858283271697706e-03
2.200033975491901342e-03
2.097959143707194950e-03
2.058694062022914818e-03
1.996831314923418633e-03
1.857855994254152369e-03
1.728618827601294478e-03
1.702229867639476306e-03
1.691000247342640088e-03
1.664294295808423519e-03
1.610815386471335870e-03
1.602240126908961206e-03
1.528655381627314026e-03
1.346871682106711527e-03
1.327492836943834111e-03
1.276817640214366516e-03
1.200857039382578414e-03
1.111146969059968259e-03
1.090011855276915801e-03
1.070989598384319147e-03
1.016121348793393078e-03
9.738388292444193160e-04
9.203878671992892077e-04
8.664926140064251959e-04
8.458556831051502025e-04
8.406621106777233295e-04
7.448899722944745229e-04
7.149998819894433019e-04
7.029889559485067536e-04
6.910295896467267499e-04
6.710321275505618096e-04
6.366699436535067612e-04
6.246444591308073120e-04
6.181893760931241998e-04
5.812841308076369118e-04
5.582142017947482483e-04
5.373503194666459778e-04
5.282821263054852034e-04
5.075597177972251788e-04
4.913616029240861459e-04
4.673323838795709166e-04
4.495401819133068556e-04
4.405031065185661238e-04
4.319107085934960843e-04
4.214737236321667289e-04
4.174013050679749206e-04
4.024801848266126554e-04
3.985529019239005162e-04
3.662539777048544462e-04
3.318242157223847658e-04
3.285034605944812383e-04
3.105556722725216247e-04
3.003273409041117697e-04
2.969704201329490174e-04
2.833701004775118553e-04
2.765591855420252180e-04
2.666368266496762281e-04
2.656642789418223682e-04
2.638299723387327886e-04
2.560183291146231961e-04
2.484226560229448847e-04
2.437081831309161170e-04
2.395138229027413731e-04
2.289954621562676948e-04
2.242994329887568433e-04
2.228449022190065725e-04
1.982257788286096573e-04
1.954354038753862476e-04
1.836711774816269128e-04
1.775854068907170439e-04
1.740926403178260913e-04
1.700966680442142184e-04
1.670081347319189648e-04
1.569507786125282859e-04
1.545760178638917271e-04
1.442512958358420686e-04
1.429242186957448114e-04
1.400642872599855123e-04
1.341147107376904188e-04
1.318865748335662220e-04
1.279725594703365278e-04
1.253217139051078424e-04
1.202840528271346640e-04
1.190789178686548887e-04
1.163269062599551118e-04
1.130027678457580590e-04
1.079779302088281368e-04
1.033143712092949993e-04
1.000828848632471363e-04
9.986691809108951673e-05
9.621583811380341508e-05
9.432745515431821331e-05
9.037741339457241790e-05
8.851077260804808631e-05
8.721871976106082862e-05
8.311875140021029475e-05
8.140520462547794981e-05
7.827924626314857284e-05
7.417800200759520120e-05
7.326940763145885346e-05
7.133147870567586011e-05
6.832165032261452422e-05
6.645043758718652683e-05
6.411085972478267850e-05
6.216349033897826360e-05
6.083365278918771409e-05
5.955015040142453407e-05
5.668018594972089156e-05
5.592091680647548403e-05
5.480668913124989801e-05
5.376417971053210911e-05
5.256991569582461060e-05
4.803676949774603904e-05
4.731726309565368981e-05
4.695219401917306282e-05
4.516087373213402168e-05
4.320355482866903749e-05
4.123134823146692903e-05
4.069502366625762262e-05
3.988136417982004187e-05
3.769187284407759592e-05
3.693128210866724665e-05
3.589502684379622312e-05
3.478813701621907606e-05
3.424984995364221415e-05
3.253285848093128053e-05
3.205934869065360710e-05
3.059516101360459738e-05
2.974733123885159571e-05
2.896457111651098564e-05
2.870999007156989358e-05
2.796402158079236818e-05
2.679416920423228495e-05
2.635495608818303538e-05
2.563004065317337347e-05
2.506103642421130958e-05
2.310203730178838412e-05
2.254895842777060737e-05
2.147509595129936923e-05
2.101341267084100786e-05
2.093930704350362612e-05
2.013471306442406669e-05
1.950958155788826763e-05
1.940728773806615399e-05
1.835797103041805775e-05
1.774880449657430487e-05
1.751388286355805106e-05
1.696738432027140316e-05
1.672895022087908604e-05
1.610783790425732737e-05
1.588174458891767918e-05
1.545227090391459003e-05
1.518445351382654183e-05
1.512439939628793648e-05
1.461744050712366987e-05
1.450868853428972403e-05
1.408804715274466520e-05
1.320092020666174526e-05
1.317840815664461605e-05
1.265395265385184365e-05
1.233262421545341308e-05
1.186315962560771623e-05
1.150618174339269252e-05
1.104102028773778120e-05
1.092687477198552581e-05
1.031968629448057611e-05
9.915361926970475427e-06
9.803626831518974611e-06
9.552231517958786745e-06
9.166548323103716948e-06
9.092350273479455274e-06
8.932625631682394461e-06
8.807789117295188432e-06
8.491531317136465402e-06
8.394035055675232025e-06
8.128525450036938228e-06
7.846624297300891425e-06
7.770141096258053186e-06
7.445823862683964162e-06
7.182708288301846395e-06
7.035661545914480470e-06
6.910405407551935740e-06
6.711227155697141725e-06
6.641835212874012559e-06
6.352527526108574231e-06
6.249303557130275065e-06
5.985713275805401394e-06
5.863656885468100537e-06
5.794515253146321892e-06
5.651273546126753364e-06
5.554884999748133662e-06
5.394711131093979183e-06
5.217406379481864092e-06
5.031466567219588609e-06
4.913984727117183681e-06
4.748946203313316178e-06
4.644255287870833575e-06
4.531272629446484464e-06
4.432477107203489909e-06
4.373700383538567644e-06
4.168829171682669432e-06
3.983400536676456698e-06
3.964758371698846659e-06
3.883821273255598509e-06
3.801680386435597450e-06
3.743374095962232995e-06
3.662999858199102749e-06
3.602705141775178032e-06
3.562643765143916228e-06
3.431438031642490033e-06
3.405714621185612714e-06
3.382713287574051857e-06
3.240868248648980742e-06
3.170400853414535580e-06
3.046671061775905831e-06
2.971299125675618824e-06
2.854715348860127383e-06
2.802575111177253602e-06
2.770472476026257267e-06
2.678589237118492594e-06
2.655176849844548376e-06
2.561219594258112820e-06
2.527294153510565412e-06
2.440897658628886362e-06
2.408104601179645032e-06
2.380430201989424138e-06
2.248071671284807165e-06
2.189865914898194805e-06
2.182817438966704758e-06
2.116386580141576259e-06
2.039761559789769218e-06
2.009212012620477597e-06
1.987348859214659227e-06
1.975588514359345502e-06
1.928322037172511418e-06
1.859690323330479121e-06
1.811220504862030900e-06
1.780977782513198262e-06
1.765043564029478751e-06
1.716533155945126445e-06
1.708466873023252997e-06
1.670542586710512239e-06
1.618022020079721101e-06
1.564024260195266181e-06
1.514144444668951581e-06
1.512532287992420901e-06
1.475280846557132385e-06
1.441464893212034482e-06
1.416753415257016720e-06
1.387413259957528578e-06
1.325270560408162917e-06
1.300326115116946702e-06
1.296596671287048981e-06
1.247688691754328249e-06
1.242884059757004862e-06
1.204937933366770727e-06
1.170523373625545090e-06
1.152248210369022744e-06
1.146550679620610328e-06
1.130564113484483124e-06
1.077863241832882887e-06
1.066358479120934827e-06
1.035626896427257851e-06
1.013951299159046739e-06
9.857593330676094516e-07
9.803811334124661102e-07
9.539835574419267965e-07
9.320647964386009952e-07
9.120613299486662395e-07
8.923543098569127201e-07
8.621695433132207470e-07
8.438292164435949342e-07
8.332392886775700567e-07
8.093998012289931878e-07
7.927083392234365107e-07
7.737635888259652861e-07
7.627695141141923010e-07
7.475605000408296539e-07
7.245853859274966765e-07
7.029044618076497899e-07
6.993001709393902465e-07
6.868018012310007118e-07
6.753266123008890702e-07
6.620975324274612387e-07
6.391475456722687064e-07
6.344446790209184196e-07
6.135416836371338855e-07
6.058292620383717991e-07
5.939094484728733069e-07
5.775836946738391882e-07
5.577768310079569230e-07
5.535603368683429095e-07
5.380996116993688988e-07
5.213481698187893964e-07
5.027251418433424301e-07
4.956375911203957341e-07
4.854561370688234090e-07
4.743170172512306143e-07
4.660605983043036581e-07
4.577964281241527386e-07
4.490180206420192078e-07
4.332195151861846164e-07
4.223034163313665615e-07
4.177965537887334549e-07
4.070521140042628795e-07
3.937175846865093828e-07
3.865354494573073980e-07
3.798209866695111459e-07
3.751363992928868107e-07
3.644186261465999847e-07
3.557404234056126658e-07
3.512962013215991524e-07
3.428220922876358854e-07
3.354415702535330768e-07
3.286563665633746686e-07
3.230646243194269512e-07
3.097825538488612762e-07
3.021489442358877404e-07
2.968251133545885312e-07
2.885055536254494947e-07
2.826662493674622433e-07
2.698533965053132095e-07
2.639055495928176995e-07
2.564235634176557171e-07
2.543617955260347860e-07
2.493906333697098224e-07
2.438847619752129043e-07
2.365180734749412211e-07
2.292615729220720073e-07
2.189378203963964179e-07
2.178042854851308257e-07
2.098639219593421148e-07
2.004402816271911049e-07
1.986046093749317838e-07
1.904417853318827221e-07
1.881028201926953988e-07
1.846181979308813665e-07
1.803342296539894689e-07
1.743589346362098665e-07
1.709662415113548204e-07
1.664524620444584786e-07
1.640830042272109125e-07
1.555031635443962496e-07
1.519891644906585102e-07
1.472576198868603323e-07
1.403491600304748753e-07
1.365537442346214469e-07
1.320198469191315819e-07
1.306453361961208348e-07
1.300038290998247046e-07
1.255654303093800524e-07
1.225916670392508185e-07
1.191523820244223718e-07
1.156227893123986993e-07
1.131826579121958817e-07
1.115315875403306747e-07
1.084158978794056397e-07
1.045508238215242067e-07
1.002795617375455390e-07
9.645546906015807299e-08
9.606781109028190633e-08
9.452531311028243728e-08
9.011695891900871704e-08
8.669454588499321877e-08
8.360349461497166445e-08
8.070036391749640838e-08
7.736350254675746178e-08
7.691534076050523625e-08
7.309601327205030906e-08
6.826331558045935545e-08
6.758444075722551092e-08
6.528826044858577577e-08
6.200946574748579941e-08
6.075454819047616865e-08
5.893384860264004112e-08
5.744784334583387656e-08
5.607925778146934264e-08
5.431876674409375752e-08
5.390101329143339330e-08
5.158384553367947516e-08
4.885098382760470113e-08
4.877596657233146902e-08
4.731975355332948094e-08
4.492088343281068968e-08
4.432234273923125060e-08
4.293227874115729590e-08
4.107684142363087280e-08
3.910000992889620564e-08
3.866045890059411995e-08
3.807960807602088438e-08
3.665775131310376337e-08
3.611802022539348797e-08
3.543649403434598076e-08
3.247484597018982868e-08
3.196358597604062217e-08
3.164747496763828698e-08
3.032742662203563940e-08
2.963520454689005421e-08
2.888180551837300756e-08
2.847622154542479124e-08
2.800601220100705934e-08
2.593452856250686636e-08
2.546187965999356485e-08
2.480186272553179674e-08
2.327419980859024550e-08
2.308164108790451930e-08
2.275667491674565326e-08
2.212535132003034636e-08
2.146814223627072808e-08
2.098349716361409803e-08
2.068409034940759638e-08
1.982542414984541571e-08
1.949931269575505818e-08
1.900085353762384412e-08
1.763396970797432837e-08
1.685725513282910470e-08
1.604406401607156855e-08
1.582644548740870334e-08
1.520595996858111058e-08
1.452652383948044759e-08
1.419440118770155815e-08
1.411020119357409529e-08
1.374892140313389385e-08
1.329723953719381407e-08
1.286863074523500611e-08
1.234313937489150146e-08
1.218567197734711503e-08
1.174469612337188996e-08
1.160283846750887613e-08
1.120271452304982397e-08
1.086700614754162263e-08
1.014278390336427507e-08
9.254663190165505102e-09
9.090197530772449648e-09
8.932712409539427947e-09
8.575640189118238485e-09
8.130759716235771672e-09
7.837703619700443086e-09
7.340941886374478984e-09
7.231164200830349306e-09
6.603663354162748544e-09
5.855793184402592090e-09
5.742706406463880064e-09
5.661322278155284531e-09
4.973038055312146265e-09
4.649885672347994254e-09
4.505642800922679677e-09
4.416407087671301821e-09
3.829467999796627095e-09
3.568713586833069377e-09
3.514004210960393089e-09
3.349547517182295677e-09
2.970164344846951970e-09
2.774458616757345713e-09
1.469641178289154734e-09
1.361070691498197289e-09
0.000000000000000000e+00
